Adapter_confidence: HIGH
QC_result: PASS
InputReads: 139013464
GenomeReads: 131560651
TranscriptomeReads: 129332705
TranscriptomeGenomeRatio: 0.983065
TranscriptomeComplexity: 0.000586016
